plant = 

           tp1: 1
           tz1: 0
           tp2: 0.6923
           tz2: 0
           tp3: 0.3049
           tz3: 0
           tp4: 0.1390
           tz4: 0
           tp5: 0.1068
           tp6: 0.0014
            td: 1.0483
            kp: 1.8116
            kh: 1
           tsx: 3.2912
           tnx: 1.4852
           tvx: 0
             x: 2.1033
            x2: 1.4852
    x2_optimal: 1.4226

-----------------------------------------------------------
